PANGAEA sample id	Raw bases	Raw reads	HQ bases	HQ reads	Avg read length	Scaftigs	Total length	Max length	N50	Predicted genes
TARA_X000001316	2525620012	26892968	1984679302	23013404	86	21234	18899698	20037	864	37963
TARA_A100001201	9374458693	95205226	7548708511	82789641	91	98489	111814967	58987	1229	204167
TARA_R100000049	9698859578	101986056	7136888698	82849918	86	52335	83493484	132135	2385	122614
TARA_R100000093	6572040832	70076330	4941491743	57694150	86	38852	43537725	74637	1219	74779
TARA_R100000501	9876777817	104441062	7658756120	87160529	88	59784	82826177	253895	1779	129568
TARA_R100000388	11554357457	119610982	8845077579	99882371	89	86921	90419684	131468	1052	165165
TARA_R100000426	9009184703	94440510	6264947417	72499449	86	58094	58589902	52474	1021	113046
TARA_R100000231	9729144701	101357592	6896296934	79203365	87	84051	87499570	73458	1073	166443
TARA_R100000365	9772972348	103921448	7311710738	84727176	86	42215	51515349	43645	1390	81544
TARA_R100000353	10819994340	112802278	7591688058	87448477	87	101175	105894264	202759	1069	196877
TARA_R100000278	9892876985	102649026	7064123052	80844869	87	85937	88366739	75339	1053	166935
TARA_R100000329	11780852331	121191220	8960386983	100606933	89	112661	116192326	51092	1057	219905
TARA_R100000306	9820554591	102506134	7647468164	87407419	87	65869	99308325	835567	2419	147408
TARA_R100000963	9176363351	97121250	5610721842	66700829	84	58532	61718431	228908	1034	111644
TARA_R100001132	7945834495	86619086	4789082332	58335861	82	48170	65670928	191885	1632	101432
TARA_R100001163	10466213978	107092254	7652599225	85329235	90	108490	110191916	64066	1037	209076
TARA_R100001143	9381708631	97663452	6281866540	72634174	86	65172	87496785	233537	1595	137173
TARA_R100000541	8872953381	92242804	6468788474	73777893	88	37879	50657926	157679	1554	84158
TARA_R100000935	10776948137	111471638	8786925632	98327025	89	82800	117035363	291766	1733	172221
TARA_R100001244	9090696039	96161470	6233620265	73247719	85	60196	80267734	192711	1588	131900
TARA_R100001369	10974064619	115822676	8009182576	92664406	86	76150	115728922	323312	2070	170131
TARA_B100000965	34001994278	341739196	29288374335	315554996	93	432536	450756232	325210	1051	765016
TARA_R100001443	9765129460	99958986	7644911530	84884611	90	79372	102921905	169155	1515	179890
TARA_B100000959	36584655462	368875202	31868354467	345650351	92	337488	419275539	341192	1421	631862
TARA_R100001530	8070739257	83920264	6153795940	69688941	88	81228	84967993	50633	1091	156109
TARA_R100001440	9105695782	93781526	6755245111	76368522	88	50745	70025065	124682	1693	119335
TARA_B100000963	37319929930	373700996	32932004878	354642203	93	372459	417202610	210192	1176	680690
TARA_B100000902	44929974947	409640862	39078682247	387758814	101	530118	537673278	135001	1024	925912
TARA_R100001463	8131731859	83338338	6321410975	70294284	90	97387	128362009	65523	1560	222706
TARA_B100000953	39204444672	399549740	32917230502	367256827	90	240957	266291554	207677	1161	424697
TARA_R100001480	9860964424	102166560	7417554669	83931240	88	86830	101903190	127804	1281	182436
TARA_R100001460	8020864059	82514022	6172280884	68999487	89	77674	100748212	69778	1524	175705
TARA_B100000900	33800972565	338697124	29648348416	318046581	93	408185	427370318	138279	1077	726356
TARA_R100001510	17073755080	169047080	12059164056	136719160	88	117768	119104409	54003	1025	218042
TARA_B100000927	33774231474	340470354	28435123535	317708836	90	271804	280324949	119603	1049	473576
TARA_B100000929	38311212012	388403914	31534747965	350388824	90	243754	264709588	207681	1138	421398
TARA_R100001509	9015989757	91637852	7216863663	78710974	92	110025	126126033	165473	1228	222262
TARA_B100000925	37972290270	375963270	30304316287	341004970	89	277314	281541611	69345	1028	476674
TARA_B100001113	41708571083	423500782	33793344255	367914954	92	370811	371426392	240265	1004	629327
TARA_B100001079	37950748374	385005800	31464375041	343859596	92	303300	306884451	207680	1033	516653
TARA_B100001109	31941270725	321797088	28024976927	298259247	94	278706	276224690	277213	983	476916
TARA_B100000579	37057934380	374127914	31517250459	337657879	93	506260	502494367	145620	1000	866447
TARA_R100000655	9980811786	102845312	7767067028	87017174	89	80353	116002253	486579	1836	194332
TARA_B100000586	40972598148	417176234	32739315967	361874453	90	263368	263409089	207699	1020	434075
TARA_R100000656	8671626732	90451172	6458119574	73895357	87	65682	75298023	453170	1186	129765
TARA_R100000654	9269827561	95232394	7183941609	80172170	90	54474	73863428	75630	1654	128178
TARA_B100000575	37502869577	380365534	31528979905	341481107	92	386721	390986072	80195	1020	667025
TARA_B100000945	40647195730	412959348	32652766601	360151130	91	358626	365898501	229762	1028	621726
TARA_B100000949	29845328495	303174866	26068654336	279762247	93	268690	286949621	240852	1102	456639
TARA_B100000941	39368758098	399008374	32800447007	355229985	92	334995	313197324	697402	911	559649
TARA_Y100001973	15926129307	159910022	13747940361	147817751	93	158503	202053840	157273	1491	344419
TARA_Y100001970	32413870767	324054998	28503634611	304234051	94	443824	553127834	210964	1415	879692
TARA_B100000700	30355108818	306153050	26265887253	283044306	93	457148	545626294	281411	1316	868093
TARA_Y100001968	34457569923	347261120	28505770388	312056352	91	430890	476214857	125509	1156	771901
TARA_R100000664	9028108595	94581636	5932904845	68952945	86	69765	83745254	105638	1336	151294
TARA_Y100001951	15005033380	151977910	13028659026	141484248	92	150323	152073116	108612	999	277597
TARA_Y100001949	27113036296	273102530	23648210833	253730444	93	190434	200481007	125762	1079	332754
TARA_B100000678	39633639859	398717238	33991720948	368812914	92	296119	308401963	147338	1069	510098
TARA_Y100001947	30899230136	311860416	25590974235	281683541	91	174838	197660555	119143	1212	311418
TARA_R100000687	12257496222	126487568	8524704606	97381317	88	84608	103622096	550526	1339	167061
TARA_R100000657	11451557335	120037536	7476191394	86942867	86	74514	75258747	31810	1028	140596
TARA_Y100001972	16521015665	165622264	14362073624	154155393	93	160370	195364869	564136	1349	338826
TARA_Y100001980	26665862774	266045520	24160432826	254676087	95	211064	198393668	301362	907	355064
TARA_B100001115	27673835345	278380318	24420757008	260313225	94	253473	246784037	101667	957	429765
TARA_Y100001978	30605365717	305930738	26767502925	285627265	94	254445	267195171	126437	1068	443031
TARA_Y100001963	19015053344	190841206	15904647911	172469048	92	212694	265115976	133855	1431	457569
TARA_Y100001960	33719664950	337901332	28994276505	310300279	93	488353	549766256	244919	1191	890760
TARA_B100000686	36734411623	368111100	32390550858	345426075	94	552104	611982703	390571	1163	992532
TARA_Y100001956	32559529869	329728372	27058100964	295689763	92	105100	126726140	244882	1341	193130
TARA_R100001594	11385757489	117495592	9411009744	103017963	91	115301	151232977	88601	1552	265757
TARA_R100001591	10178170572	103788030	7693963668	85172782	90	83393	104655216	234811	1412	184136
TARA_Y100001958	37403870771	374941772	31043295114	336769117	92	337372	330431877	74639	976	582043
TARA_B100000683	33651563993	342284306	27482260785	305178642	90	301111	357773788	189662	1292	561118
TARA_Y100001954	36955932197	374612616	30155795019	329497300	92	328274	398553874	230744	1333	615014
TARA_Y100001938	17960417808	180068338	15609854380	167653411	93	206777	251650145	107806	1365	442624
TARA_Y100001936	30655738825	306812936	27010579099	286976463	94	377367	414754532	163320	1149	690770
TARA_B100000676	37199555018	371995044	32981302772	351412096	94	488461	524892992	320843	1114	861480
TARA_Y100001934	33180959254	336043878	27900707226	305470648	91	434762	525386675	337673	1344	798028
TARA_R100000700	7520937649	76666526	5233380237	59685092	88	73577	86053478	77088	1276	156736
TARA_R100000697	13162238738	133841438	9324603707	106143852	88	90727	115548173	125779	1474	201098
TARA_Y100001937	15803315597	159381578	13863120459	148010629	94	159280	197920294	461601	1414	340494
TARA_Y100001935	29947673825	299392980	26489236244	280550248	94	294005	301665731	325214	1032	517396
TARA_B100000674	63791037062	635896664	51192942761	572835473	89	552122	613814565	305257	1161	983124
TARA_Y100001933	34238387565	345587612	27990300966	308549712	91	307017	371102482	325210	1326	571321
TARA_Y100000593	20296699170	207659762	16957226183	188631510	90	145635	205449904	181181	1809	345817
TARA_Y100000591	35092551118	355384504	30266002610	330237468	92	394138	416454440	191676	1080	715159
TARA_B100001123	36522951316	370803024	29871967396	328380341	91	550363	669353477	484556	1354	1037513
TARA_Y100000589	38545099264	393280108	31473202256	353226124	89	354188	415155041	192623	1270	648871
TARA_R100000808	12321086779	126300944	8351689474	96656658	86	71424	97797228	108495	1728	168831
TARA_R100000805	10992046518	111598866	7794560833	88606792	88	67593	76669341	77981	1214	138810
TARA_Y100000592	17166658668	174494062	14529323406	160086563	91	147896	193732176	103527	1550	326523
TARA_Y100000590	37554178181	380903618	31816049790	348530126	91	514256	637796702	568216	1400	1023347
TARA_B100001121	32798923827	328505148	28848805650	307957576	94	358174	372348792	201089	1044	628184
TARA_Y100000588	33748168523	348200200	28243810371	318738840	89	514528	609711466	236072	1301	937871
TARA_B100000614	29552159601	297815870	25618913514	278182539	92	275653	311285435	498513	1187	499459
TARA_B100000609	30384671904	306384522	25535992286	284445761	90	264160	266906348	325210	998	442704
TARA_B100001250	51241793953	522620482	38909159725	433149549	90	463396	478885175	96260	1060	799643
TARA_B100001245	40054972110	407894524	32163605207	360434425	89	264374	260327805	140630	988	432396
TARA_B100001248	33019530874	333427578	27277257586	304975519	89	268373	277804338	168460	1047	469256
TARA_B100001094	35484585604	359284260	30081810098	324616652	93	454976	486648875	374006	1104	812125
TARA_B100001105	42860450661	437816192	36147503029	392702028	92	271246	274173778	145866	1030	449287
TARA_B100001093	53487641681	539113764	42483903943	462240205	92	568522	625040478	204982	1158	1030160
TARA_B100001964	38426096650	385071042	33411192986	359534838	93	333141	408984713	210376	1382	617241
TARA_R100000742	7026820208	72196088	5133751592	58346807	88	60013	54072372	45605	875	105460
TARA_B100001971	40106578365	402714396	34563027616	372718152	93	342465	379687635	391829	1179	596817
TARA_R100000750	6229118260	65674652	4256128025	50230275	85	49445	58329827	248042	1249	97702
TARA_R100000734	7109639584	72756492	5403556387	60572429	89	60706	57763136	41350	939	115134
TARA_B100001287	36455260631	371142378	30412213248	331881103	92	308774	313272261	119309	1029	534264
TARA_B100001996	38613633728	391822972	30970555564	342491361	90	358648	350967245	62327	989	597191
TARA_R100000781	7359430394	76711602	5403980230	61766355	87	64285	67414909	1187307	1056	128182
TARA_B100002003	34453611016	346225714	29553798419	319703262	92	317257	357063555	132480	1202	558130
TARA_R100000789	8862339412	95456194	6057840396	72904914	83	73816	98553728	430321	1598	154473
TARA_R100000773	8456968802	86921234	6439233808	72459238	89	63139	62157307	47202	984	120651
TARA_B100001989	34045994384	342278366	28838038121	311888634	92	284805	274884942	82195	953	475909
TARA_B100002019	36849297558	370334582	31392579154	335660959	94	344023	342828463	70104	1002	605014
TARA_B100001939	33917602530	342398030	28472579199	311469542	91	351981	353221524	330592	1017	621134
TARA_B100002052	30926232458	311581824	26549309184	288134459	92	345133	358093141	476323	1069	602143
TARA_B100002049	32445992734	328237008	27513271132	300762214	91	226283	229686542	220117	1014	379403
TARA_B100002051	31151822592	314283624	26588911670	288959000	92	365342	388905945	312333	1095	647902
TARA_B100001146	35012444630	354224626	29066844971	317444967	92	261771	279543539	258195	1105	444920
TARA_B100001142	34724751061	352030928	29102367055	317878065	92	376960	422770998	125319	1210	661458
TARA_B100001167	30478289383	307846576	25911112372	283448214	91	198498	179638024	81141	884	310927
TARA_B100001540	33618784181	338943134	29052969048	310522687	94	378485	391220408	70145	1063	648291
TARA_B100001750	33529892640	339721848	27353825225	300140171	91	358629	374972116	1737431	1068	614088
TARA_B100001741	34061723556	346238396	27798441870	304342528	91	360119	350557505	180945	971	602427
TARA_B100001765	38144459509	388065794	29472197900	329290893	90	215350	204130144	155280	935	346317
TARA_B100001758	35306537802	357891876	28900738535	314545851	92	375530	373121664	92529	1007	621107
TARA_B100001778	36053577901	364054734	29279208423	321040924	91	380377	372319831	403162	984	639695
TARA_B100001769	38228644813	387769558	30606559808	333852872	92	368441	343817982	54648	926	602520
TARA_B100001559	36235703961	369538288	28622994115	316857199	90	369196	363499327	109705	987	624688
TARA_B100001564	39094876638	396286730	31276790761	341045048	92	396412	400357591	183134	1025	685782
TARA_B100001175	38443789167	388462874	32135502471	349395064	92	378529	380822682	89380	1020	646981
TARA_B100001179	34239796554	345574560	28992663100	315718849	92	248340	249003229	124073	1019	413652
TARA_B100001173	32684205384	329240054	27519850462	302028834	91	327885	342964531	90350	1081	567036
TARA_B110000008	35673851228	357393502	31040566535	333376323	93	328787	373840467	87540	1220	567665
TARA_R110002012	56455470853	570239614	44422747176	495547671	90	249251	416293039	629980	2459	614235
TARA_B110000014	36926066520	370391086	32114182734	345266565	93	365021	347437020	80993	950	601439
TARA_R110002020	55403393090	560571718	42782752863	481502357	89	329363	499672572	521984	2009	774963
TARA_B110000003	39694685837	397681922	33438377902	366908583	91	302938	353329450	196195	1286	536023
TARA_R110002003	61369333965	621972920	45238481837	523035790	86	4160	34450707	77215	17850	25505
TARA_B110001452	30309450806	304435280	23676705777	270128473	88	258025	285917121	86391	1188	430128
TARA_R110002050	51270793693	517830542	39701745996	447441890	89	219204	366391268	586172	2472	515068
TARA_B110001454	29096232018	291324614	25978609621	277553979	94	251137	267456491	280630	1098	436884
TARA_R110002051	57976079585	591212538	42193924941	483411378	87	207578	355009491	501485	2791	503566
TARA_B110001450	40261124417	402932612	34220794082	373981684	92	295001	321304455	85212	1144	500727
TARA_R110002049	53397833114	542812760	40386456019	457884721	88	230604	408044063	1145854	2765	563763
TARA_B110000196	43927023043	440972758	37092728307	403657238	92	404336	405705800	73684	1013	671364
TARA_R110002060	54073953548	544576256	42811000550	478064756	90	61635	71874736	131342	1310	99382
TARA_B110001469	32426126467	324989054	28721790390	306718487	94	204121	222541480	83856	1140	330210
TARA_R110002033	59787837853	604978274	45154898498	510929181	88	101062	170659393	273137	2692	240073
TARA_B110000046	33896810005	339465160	28548218501	311678782	92	236120	285303605	231127	1349	414460
TARA_R110002073	46995322222	477216880	37300977258	413455634	90	242796	413156603	865209	2568	582519
TARA_B110000037	32305218016	322501268	28785683672	307362470	94	273890	340054452	265636	1415	510013
TARA_R110002074	57036468213	578407150	43756822415	490214371	89	288964	450846227	344509	2145	667764
TARA_B110000027	28197311111	281316518	25580480932	269640573	95	171573	196913765	63190	1240	304315
TARA_R110002072	50556535359	511385596	39347988334	444932905	88	216317	397818349	810065	3061	536137
TARA_B110000093	26453547461	263756272	23368348541	253608239	92	231345	276097118	145045	1332	413958
TARA_R110002096	52385704659	528960984	41405501675	462637138	89	311002	511159863	495633	2401	728608
TARA_B110000091	31896684675	318044830	27661045535	298480291	93	275721	328422714	89043	1324	482268
TARA_B110000090	34267378971	342121874	29319265608	316894061	93	259199	314511160	94449	1359	453649
TARA_R110002095	47920963357	482793340	39070831161	432590858	90	110927	164766728	417050	1949	240469
TARA_R110002094	50608501993	518148292	38285751915	431659598	89	100982	145956598	210334	1934	212476
TARA_B110000114	35209039491	351574504	30344152377	325056836	93	226011	267906790	105498	1325	404009
TARA_R110002110	49919134317	505233614	39681398247	442058347	90	315318	474335961	546617	1970	721228
TARA_B110000116	32773082391	327623186	28022345698	303538659	92	342473	354698083	86163	1067	571039
TARA_R110002111	53846057258	544488540	42847148704	476554158	90	172557	264183280	493232	2043	374402
TARA_B110000208	33609152684	336511738	29741142214	317570168	94	255445	322710011	114914	1480	442562
TARA_R110002124	50163048640	510752370	36959246045	421297956	88	216764	363481484	881629	2472	515970
TARA_A100000172	8789728212	87027012	4861394732	56912653	85	56835	61582079	77042	1138	111894
TARA_S200000501	40773679727	408427272	33807232143	374072229	90	420117	465399391	162056	1161	765168
TARA_A100000171	8856890136	95017812	4944697147	60175132	82	73799	99812943	92075	1654	156276
TARA_A100000164	41388106064	415570856	34208305292	374584396	91	441099	470461746	151716	1101	793339
TARA_B110000503	30447862235	304256672	26284582182	284108697	93	212384	301253659	158028	1822	425934
TARA_R110000868	44237306780	448210352	34548391425	389078218	89	315821	530704515	906000	2463	771737
TARA_B110000211	38546175167	386120244	30670587221	345187806	89	310344	368065544	177178	1310	561200
TARA_R110002126	45689271042	462681848	34936268200	398435499	88	213333	345185078	546486	2313	504949
TARA_B110000240	33812219217	338171936	28600116587	311139237	92	253226	306429774	88052	1364	461750
TARA_R110000851	55939706548	567752670	41295970084	469083177	88	250944	367430875	843491	1856	569538
TARA_B110000238	40484152895	404391722	35045780694	378641950	93	244612	297244591	93989	1370	447681
TARA_R110000850	42928424754	448327724	31939919284	358883489	89	201798	321024479	359610	2207	468560
TARA_B110000261	28300653458	282805050	24564902791	265064735	93	198016	244676433	99247	1411	363157
TARA_R110000823	56250506117	568812616	43301791192	486883641	89	238852	318366606	505354	1575	502653
TARA_B110000263	32400436889	324132078	27030810068	298777816	90	306012	313012049	101348	1039	514592
TARA_R110000824	48050927592	485823798	37688460960	418979116	90	300890	424631753	865736	1746	679237
TARA_B110000259	32519748426	324346516	28222193066	309043914	91	218573	272997077	121323	1434	408670
TARA_R110000822	54259031749	548647520	42182628287	472747011	89	238574	307810483	435350	1490	496116
TARA_B110000285	34204886396	342014496	29237735699	315701877	93	353156	402625591	130870	1237	632685
TARA_R110000803	43263936530	435415800	35001661197	387520462	90	156716	195020134	107256	1426	322021
TARA_B110000977	32458877761	324730830	27738040899	300364228	92	261623	347130961	129135	1624	497248
TARA_R110000796	56511371360	570438510	44165366630	494598452	89	196459	283902533	711300	1821	435824
TARA_B110000967	40241749260	403570132	32530589917	358306213	91	327465	374580018	94377	1239	577092
TARA_R110000787	42534922515	430495288	33133058622	373247110	89	203151	292364927	439044	1823	446767
TARA_B110000971	41882387792	419019388	35980789172	389790405	92	293104	338003452	97569	1258	517814
TARA_R110000782	45460804028	459375332	34443172713	396201923	87	196847	258891599	443179	1540	414021
TARA_B110000305	36072745749	359981962	31682890517	340814002	93	376864	437342961	102501	1271	658220
TARA_R110000772	46388598140	468326946	36511980509	407280293	90	204602	278590435	307838	1628	440715
TARA_B110000908	40878383776	410083042	32934066051	362668168	91	251336	311817637	87117	1426	467293
TARA_R110000744	67024366692	678021596	51146130923	574649887	89	276522	356986276	236121	1496	563270
TARA_B110000914	32735850714	327742496	27660875838	302432611	91	278672	296498620	89512	1103	477581
TARA_R110000751	47415333353	481623234	35802409452	407025327	88	215738	320968767	584879	1910	483662
TARA_B110000902	48142039181	482084694	39366283220	438981200	90	313438	391447159	314750	1446	583087
TARA_R110000737	57894819321	582808210	47873786654	521248277	92	239089	321569032	439527	1628	494680
TARA_B110000881	36045451683	361095072	29960288306	326725151	92	316862	337624543	90565	1104	540486
TARA_R110000765	46504574406	467727662	38789213360	423038719	92	291520	386183031	502284	1575	610247
TARA_B110000879	38926837618	388341000	34311489660	366398924	94	274335	355921803	133452	1526	520400
TARA_R110000764	46179277006	464271950	38532001300	420516367	92	180712	251529644	564662	1717	385514
TARA_B110000495	38816152426	387847764	33544536787	363194462	92	375662	381806322	78497	1031	629068
TARA_R110002167	47632266660	479959684	38959818651	429087149	91	297408	441171275	923200	1904	655604
TARA_B110000483	35262866274	351923732	31233870291	333342581	94	297372	367326454	184367	1421	548420
TARA_R110002153	62220707951	624794278	51722476578	564275062	92	220260	329375805	562007	1995	498671
TARA_B110000858	34815862577	347699812	29547694608	318899103	93	258085	299316666	91787	1264	480804
TARA_R110001632	58105295100	584667900	47375855480	518132191	91	185531	278514937	528579	1968	420022
TARA_B110000467	32267596263	321829274	28648908676	306158190	94	300615	304820868	160907	1025	502521
TARA_R110001599	56109182546	568573080	44094422793	489591811	90	279513	457838010	982509	2381	663344
TARA_B110000459	29644408725	295539040	25796566310	282368061	91	285844	335166743	87938	1290	506199
TARA_R110001606	66240911320	670113458	52594952216	582119142	90	291902	436847555	385994	1968	654408
TARA_B110000438	32380763312	323196296	28741162891	307302490	94	374085	401018958	88941	1117	654671
TARA_R110001583	68831341860	698076386	52493930987	589032876	89	161150	297542978	515251	3046	411454
TARA_B110000444	32124880638	320960112	27537038267	297683763	93	346981	377865610	130423	1142	606804
TARA_R110001592	67743975417	683827250	53601843498	592248972	91	314542	529881956	618926	2485	753908
TARA_S200002703	11186255513	115146482	8655416152	96555843	90	119803	138204109	152795	1250	248426
TARA_X000001382	8672266222	85864022	5350210297	62512991	86	88517	96204368	42374	1143	181438
TARA_E500000081	16183360872	149845934	13257729231	135522562	98	201652	214580555	65021	1122	359899
TARA_E500000075	16397111232	151825104	12471851528	134566031	93	195903	197302184	60528	1027	329928
TARA_E500000305	10130406202	105112790	7867248575	87407740	90	122016	145982942	560737	1290	244564
TARA_E500000331	38429585977	387230740	32078718535	349127221	92	394880	427670679	230790	1122	720456
TARA_E500000318	10151737699	104229466	8047803494	88882268	91	106865	126771568	389689	1289	217365
TARA_E500000178	45364380801	458295920	36509375758	402302512	91	415914	466664745	186988	1194	765561
TARA_X000001388	8324627050	82422050	4341205476	51480300	84	58037	71260479	102333	1386	124842
TARA_A100001011	38168715484	367820654	29087479043	314948276	92	449909	522595044	155731	1253	851822
TARA_A100001015	49860767472	488612256	37872435439	425125871	89	381015	477104260	136601	1476	743052
TARA_A100001391	12880228543	133926492	9781153520	109983931	89	133269	176932899	326496	1569	280830
TARA_A100001388	39613032834	403538306	31711411531	347841493	91	302316	290229109	171134	950	506972
TARA_A100001518	11628801932	129287490	8621285766	102479564	84	39796	52674887	89013	1601	82201
TARA_A100001037	39070457496	394451818	31395998812	347981762	90	354590	400574806	166759	1209	643223
TARA_A100001515	10562466476	104578876	7766140831	86631377	90	108815	119545237	96984	1156	216493
TARA_A100001035	39702911633	398181184	34468523123	371335866	93	292405	290397913	157474	994	505535
TARA_A100001234	25388723426	255740402	20412238800	226154770	90	223259	227580717	116348	1040	392456
TARA_R100000008	8490516318	84064518	5409085351	62738248	86	89292	93001527	45895	1066	174100
TARA_B100000029	44307136749	450135214	35014779558	393164825	89	514507	606331330	238780	1287	969286
TARA_R100000005	11862752399	122790156	9322347712	103217009	90	108607	124730195	100483	1230	213231
TARA_Y100000004	21048737744	208403344	17350498434	188503021	92	216451	241354680	64548	1192	432065
TARA_B100000003	24041633151	241970908	19657849041	217040159	91	209494	224931784	93543	1127	374306
TARA_R100000030	8066548214	79866814	5911147224	66245846	89	62949	68908090	52582	1154	123893
TARA_B100000035	39900606999	402672664	32248846606	354661545	91	321818	329970637	79929	1046	571825
TARA_R100000027	7164049847	74303174	4398717895	51353178	86	47870	55656088	72613	1238	94462
TARA_Y100000015	4840384802	47924602	4094378804	44724459	92	48837	50445464	43474	1058	93043
TARA_Y100000022	25120977094	252063110	21293071317	231266779	92	215073	215891404	114457	1015	382487
TARA_Y100000310	53806509316	532737716	40857089374	460678121	89	415187	499927109	137305	1340	834176
TARA_B100000315	39444108747	399390808	31673505619	353519208	90	324524	384487678	226717	1300	599846
TARA_R100000084	9090103405	94242878	6819526367	76341495	89	80476	81346176	166886	1002	152875
TARA_B100000073	41230623053	420102752	32888132398	371929687	88	313451	337748465	70689	1124	574928
TARA_Y100000296	15910889156	157533556	12700488823	141386981	90	130636	161772794	793528	1395	264690
TARA_Y100000294	25645642639	260588896	20229086781	226744396	89	188318	218824771	167433	1249	343270
TARA_R100000081	11053756844	114048860	8429874383	94024543	90	95472	94747858	89522	1001	179592
TARA_Y100000289	7123898044	70533644	6007669036	65622920	92	82754	83092058	53378	1019	156554
TARA_Y100000287	26054463799	262268056	21624283322	235650989	92	207550	200143804	82812	965	363959
TARA_R100000482	8766294338	90832226	6482225763	72620761	89	81544	79053090	55369	967	153265
TARA_B100000085	33517466310	338044892	28692681530	310834821	92	289432	304446206	79161	1104	520663
TARA_Y100000034	18568109064	183842664	15258308769	167664600	91	209651	252387871	593644	1343	425236
TARA_Y100000031	27336542903	277574946	21863046972	243015035	90	213680	260558501	840238	1349	402296
TARA_R100000479	11072221174	114493726	8386216672	93762294	89	108689	109395012	329857	1003	207551
TARA_Y100000033	5046425408	49964608	4237615442	46396853	91	60969	64984048	53395	1106	117948
TARA_X000000368	46921806528	476921334	36482424718	407529708	90	419547	426798730	90694	1033	725424
TARA_Y200000002	40246872757	404962514	33050958972	363703213	91	380180	390957942	142140	1048	667220
TARA_R100000458	20883967152	206771952	13220699094	150435138	88	141590	137847849	86587	965	255115
TARA_B100000287	45916814074	463832998	36495499531	404332442	90	431637	463572732	89642	1132	795123
TARA_R100000455	8275243140	85317778	7049133939	76540855	92	76620	68561513	236571	858	131525
TARA_Y100000052	5703026206	56465606	4384033842	47896677	92	47352	53135041	221716	1149	89964
TARA_B100000282	43568358343	440876102	35044844581	388219450	90	290342	274135056	73423	935	495230
TARA_R100000152	11726672103	120008604	9690627610	105223442	92	124695	117074294	86629	924	219985
TARA_B100000131	42367040837	430413408	33354896724	369649573	90	333437	365341721	207397	1161	614682
TARA_R100000149	9634818792	99112476	7648150778	84189089	91	78877	79562851	237317	982	146321
TARA_B100000123	39843761133	402211598	31732880846	351029466	90	254689	241803978	143838	939	434297
TARA_B100000161	38861304873	391430950	32482641308	355804280	91	252061	236742933	134954	926	419450
TARA_R100000406	7386668340	77435642	4319202864	51449646	84	62491	70690895	64669	1224	125533
TARA_Y100000114	18314899640	181335640	15424581813	167978039	92	173122	184241368	134484	1092	332418
TARA_B100000242	49251163083	499600618	37415337514	422880216	88	284837	284105078	102475	1002	494026
TARA_R100000234	9783198350	96863350	7114546930	79317721	90	96826	96013147	56909	993	181583
TARA_B100000214	38748915771	389259730	32780527474	357543306	92	368954	347792958	112125	929	631955
TARA_B100000212	40310023353	404906778	33700077453	367066636	92	310716	311149637	203192	1003	539034
TARA_B100000378	42206367652	434938762	31249984054	359789956	87	233673	252647422	149816	1117	415057
TARA_B000000609	32202657505	324775688	27147736134	296031939	92	216738	199208958	32503	904	360521
TARA_B000000565	32306307192	336385740	25283526505	295821463	85	219873	219993081	224574	1016	376777
TARA_B000000557	33468984338	337711862	27958060605	311817516	90	269304	263988642	80955	995	461580
TARA_B000000532	28948356295	291429494	25383818135	271699742	93	242066	232557628	67621	963	411393
TARA_R100000315	8941983086	88534486	6478596095	72587123	89	82045	76135561	28421	912	148013
TARA_Y100000401	12664210018	125388218	10404579791	116374590	89	121263	116245743	51795	945	228386
TARA_B100000405	41973344210	415343134	32062298644	354436678	90	263992	258136502	50586	988	421593
TARA_B100000408	24274527883	246180126	19610885256	215982851	91	142001	135895601	51869	955	228996
TARA_R100000322	9324189434	96542160	6786497677	76757086	88	96029	112271832	368631	1241	192046
TARA_B100000401	64356822843	633099146	53582940683	574967451	93	447685	410703923	63057	906	725782
TARA_R100001198	10951012272	113406914	8334556744	92921923	90	112275	123523747	157796	1131	222082
TARA_Y100000361	18924462516	187370916	15447773062	169942521	91	186112	182409573	74957	977	348167
TARA_B000000441	42482217834	436200002	35169441663	386425592	91	232561	204636356	29695	857	364120
TARA_B000000460	44175460384	447472502	35558991829	394236908	90	243785	245588629	102155	1013	405469
TARA_R100001230	11437314322	119317304	8699932095	97138288	90	112527	107350344	68085	942	204474
TARA_Y100000356	17828138624	176516224	14135340167	159788106	88	158602	153011054	74490	953	294144
TARA_B000000437	28898177104	291527114	22819792516	253992444	90	193172	184763047	120643	955	322766
TARA_R100000908	9043371636	93801200	6523779223	74116386	88	77325	87264639	441614	1145	152304
TARA_B000000477	16400303280	151854660	12525467969	132309700	95	136056	128609590	112987	946	229715
TARA_R100000900	8487090866	87897252	6039459192	68524150	88	73916	103448302	579780	1699	166859
TARA_B000000475	33050802869	323328644	25300379336	280087895	90	266433	259434938	97068	979	450834
TARA_R100000951	8509424692	87944068	6329322766	70807902	89	84569	110363245	441273	1537	185570
TARA_Y100000389	35192528678	348440878	26877946496	310167714	87	284320	326895058	82414	1243	531744
TARA_B100000497	17724442248	164115206	14235164008	147953808	96	242425	255420170	126166	1086	426315
TARA_Y100000385	35212793318	348641518	27609143505	313778137	88	347803	414222904	325913	1330	652087
TARA_R100000995	8582090190	84971190	4932945843	57370321	86	65904	65984323	38343	1006	126487
TARA_Y100000748	34573331008	342310208	27756443200	304601956	91	279873	295888043	225771	1087	491270
TARA_B100000482	26866778358	264574882	19500359293	221316099	88	178094	185495590	48630	1079	300567
TARA_Y100000746	28829622204	285441804	22140633970	253866508	87	253691	267275579	55401	1102	436784
TARA_B100000470	38194795492	378166292	31539717601	344191636	92	243858	237684782	219416	968	395311
TARA_Y100000758	36616337596	362537996	27821770705	315706530	88	264175	259211606	81877	987	427088
TARA_R100000988	8587562971	89633440	5994817892	68870875	87	89440	100339733	426726	1147	174330
TARA_Y100000741	34268744096	339294496	28264939848	309641827	91	316487	316237570	182393	995	561450
TARA_B100000475	30061970049	297158812	20885615245	239868614	87	195542	197288922	81574	1022	327785
TARA_Y100000739	35997113666	356407066	27569252532	315169105	87	273730	291090674	117166	1107	471609
TARA_A200000159	18566062320	178519830	14459422208	155740903	93	197580	212017580	205845	1107	346347
TARA_A200000113	23001327648	221166612	15716522790	180239988	87	197856	224889436	81076	1232	357631
TARA_R100001039	7826111402	82514066	5325793102	62409248	85	57232	79580355	201655	1723	118585
TARA_Y100000782	32637933658	323147858	25489859220	282498941	90	134359	186489327	993775	1727	270420
TARA_B100000446	38517998890	390420474	30711658338	342978924	90	186673	225853098	532761	1330	342282
TARA_Y100000780	40342966714	399435314	30549362586	342368261	89	230871	281056570	656135	1325	423508
TARA_R100001015	9201868976	94440814	7216454500	79610319	91	110973	112707966	157897	1021	206000
TARA_Y100000768	38967990084	385821684	32040657099	347551295	92	396425	402828308	225769	1019	694498
TARA_B100000459	25836775258	266216678	18728681190	216710980	86	130107	130731073	108607	985	211258
TARA_Y100000766	36032407308	356756508	29324966569	319886685	92	356424	369322560	98427	1044	613473
TARA_R100001082	10179335702	100785502	6578228417	76291076	86	84117	87350570	58393	1056	162158
TARA_B100000427	32677067598	328549726	27326496444	297613242	92	346087	343163386	108815	994	599925
TARA_R100001086	18379936097	193526010	13445221988	154135333	87	132799	145683853	125743	1143	261062
TARA_B100000508	28522248146	288646988	22852998101	252526354	90	163084	164939012	452224	991	282617
TARA_R100001079	7788198206	79974260	5902383443	65533888	90	81276	84693064	172428	1062	154232
TARA_B100000424	41540085137	420562172	33405020715	372821827	90	285958	277080894	91317	963	503452
TARA_R100001129	11486472111	117740296	8835608569	98228157	90	120678	144404810	191929	1304	248661
TARA_Y100000817	33835127058	335001258	27495788110	300665228	91	316922	307269447	61221	963	546440
TARA_B100000519	42381517492	435687686	32377316140	366259362	88	255481	277282623	157859	1134	448074
TARA_Y100000814	33259444228	329301428	23226320633	277200735	84	234854	249958881	83225	1101	409382
TARA_B100000749	44318819578	449280384	35302778925	393423759	90	284531	291373133	289644	1043	476244
TARA_Y100000815	39518198694	391269294	26420646079	315908899	84	276105	320777055	228357	1267	504180
TARA_R100001126	9701293518	100296296	7421078161	83152366	89	93248	106063061	203016	1201	183848
TARA_Y100000816	39384753050	389948050	30271311208	337877022	90	340027	328375551	83628	963	590424
TARA_B100000513	45277786464	462965648	34382334103	388975984	88	116750	110278656	50226	932	186138
TARA_Y100000813	31922672262	316066062	25502470596	282014243	90	211478	200121746	107105	926	354024
TARA_Y100000996	40978991590	405732590	30125930317	339261049	89	373022	375376907	141413	1012	656614
TARA_B100000530	45255678211	459198398	35425470659	395736688	90	288395	281664578	85351	982	478876
TARA_Y100000994	31468379918	311568118	25648159401	281844348	91	257726	268634235	84866	1068	446668
TARA_B100000745	46858769072	485136180	35153765045	402876939	87	236504	238330343	129193	1012	395962
TARA_Y100001001	30701699220	303977220	22358060560	264808358	84	169162	206935552	331872	1407	312152
TARA_R100001224	7267701393	76302668	5432753948	61903024	88	75685	85582816	106729	1202	152797
TARA_Y100000992	32536296954	322141554	26933797038	293031416	92	292042	270358601	90459	910	499130
TARA_B100000524	46318307578	475566746	34925507767	398525486	88	226772	211100721	236368	919	371233
TARA_Y100000991	29035739570	287482570	23535305068	259479080	91	206242	205724076	125331	1004	351958
TARA_R100000544	8969141986	88803386	5149902104	60797226	85	33952	34097691	60012	1000	61985
TARA_B100000767	43581170199	444691772	34482482924	385066279	90	307782	353920278	152277	1249	544579
TARA_B100000768	26780889161	269822568	21810179451	240625766	91	225962	248080488	102214	1150	381888
TARA_B100000780	43617844011	442894022	34478168591	385331682	89	286729	296112112	64944	1050	457906
TARA_R100001377	9320119814	92278414	5202094899	61089371	85	62646	63651388	76581	1044	112511
TARA_B100000795	42470643502	437597746	32043181718	363905524	88	277195	303758062	136646	1156	445682
TARA_B100000809	40071662691	408885864	31700368643	354624236	89	293282	358663390	117513	1402	533272
TARA_B100000787	39606666923	402217188	31492540512	351516889	90	180494	192797441	96095	1101	303810
TARA_X000001036	41254561541	416553274	34345204309	370409251	93	457844	490697039	105143	1115	810632
TARA_X000000950	48063357255	489617426	39148193600	432720305	90	330824	435780263	350036	1578	663884
TARA_B100001059	33510959943	338611726	26883150722	304717891	88	326287	371371195	294869	1213	591681
TARA_B100001063	27446848797	274983484	23963436487	258327423	93	312589	345217013	403934	1152	569784
TARA_B100001057	45548660624	460018862	38904318380	418953169	93	508466	596922147	207677	1278	959626
TARA_B100000989	37390906215	377820080	30627483878	336783339	91	265406	281103818	141473	1087	471684
TARA_B100001029	25471386343	256287760	21036492379	229203258	92	274032	259753071	74317	934	461832
TARA_B100001013	44273846372	451528640	34617296134	389577142	89	288619	260488672	101392	892	447983
TARA_B100001027	25297051695	253952482	21118896519	230668318	92	196862	188571390	76560	947	333075
TARA_B100000886	33580197485	338549582	27914771163	309852319	90	288541	285807244	95402	986	494782
